1,2,301,1001,2020-09-26 14:49:35,,0.0006104260774020265,0.0006104260774020265,0.0006104260774020265,0.0006104260774020265,0.0006104260774020265,
1,2,301,1001,2020-09-26 14:51:46,,0.0006104260774020265,0.0006104260774020265,0.0006104260774020265,0.0006104260774020265,0.0006104260774020265,
1,2,301,1001,2020-09-26 14:57:49,,0.0006104260774020265,0.0006104260774020265,0.0006104260774020265,0.0006104260774020265,0.0006104260774020265,
1,2,301,1001,2020-09-26 15:02:50,,0.0006104260774020265,0.0006104260774020265,0.0006104260774020265,0.0006104260774020265,0.0006104260774020265,
1,2,301,100,1,2020-09-26 15:07:38,,0.0006104260774020265,0.0006104260774020265,0.0006104260774020265,0.0006104260774020265,0.0006104260774020265
1,2,301,100,1,2020-09-26 17:05:33,,0.0006104260774020265,0.0006104260774020265,0.0006104260774020265,0.0006104260774020265,0.0006104260774020265
1,2,301,100,1,2020-09-26 17:21:59,,0.0006104260774020265,0.0006104260774020265,0.0006104260774020265,0.0006104260774020265,0.0006104260774020265
1,2,301,100,1,2020-09-26 17:22:53,,0.0006104260774020265,0.0006104260774020265,0.0006104260774020265,0.0006104260774020265,0.0006104260774020265
1,2,301,100,0,2020-09-26 17:27:29,1,1,1,1,1,0.0006104260774020265,0.0006104260774020265,0.0006104260774020265,0.0006104260774020265,0.0006104260774020265
1,2,301,100,0,2020-09-26 18:13:00,1,1,1,1,1,0,0,0,0,0
1,2,301,100,1,2020-09-26 18:14:12,,0,0,0,0,0
1,2,301,100,0,2020-09-26 18:15:35,1,1,1,1,1,0,0,0,0,0
